((("test" .
   [0 0 2 2])
  ("__name__" .
   [0 0 0 0 0 0 0 1])
  ("timezone" .
   [0 0 1 0 0 0 0 0])
  ("time" .
   [0 0 1 3])
  ("rand" .
   [0 1 1 1])
  ("random" .
   [0 0 0 1 1 2])
  ("rank" .
   [0 0 0 2])
  ("np" .
   [5 0])
  ("numpy" .
   [1 0 0 0 0])
  ("ctime" .
   [0 0 0 0 1])
  ("if" .
   [1 0])
  ("chr" .
   [0 1 0])
  ("jedi" .
   [1 0 0 0])
  ("lambda" .
   [1 0 0 0 0 0])
  ("hex" .
   [0 1 0])
  ("array" .
   [0 0 0 0 2])
  ("random_integers" .
   [0 0 0 0 0 1 0 0 0 0 0 0 0 0 0])
  ("b" .
   [3])
  ("KeyboardInterrupt" .
   [0 1 0 0 0 0 0 0 0 0 0 0 0 0 0 0 0])
  ("abs" .
   [0 1 0])
  ("a" .
   [2])))
